65.9341049414
-0.324277137375
-17.1208292117
3.07640830469
-12.190986217
-4.97186262974
-17.2805791954
66.9364639114
-12.9515169764
-37.5609134242
-17.6687856901
-4.77623404578
-5.40620880731
-128.840569924
16.3160118456
37.3190476428
15.1465615172
-18.6483944176
2.11700997355
-11.5405617877
4.11188177888
2.33651974946
-8.09590271744
-13.8514262377
11.5579462244
-16.5778006578
9.91404263324
5.14704213398
-6.42379778859
-6.5561504122
12.8448952153
-16.7658232971
59.7622834445
0.690455538754
-14.8197655612
14.8924505617
7.41223656284
-16.3255747303
-37.0785967265
3.35668943391
0.797587294004
32.4766656932
2.22777713929
-37.2814997187
9.8943575382
-15.0979777206
93.0659770504
-4.97412987432
-4.32651774656
10.1954357491
