-64.8478304005
0.633501460274
16.5275652286
-2.75318736309
11.4049930504
3.71507691816
16.9587396783
-67.4140523193
13.1882338435
38.2312915689
19.4229624219
3.43737392752
4.88070650892
127.16282833
-14.3278873825
-35.8641446673
-13.9233427466
18.6628754965
-1.94096482807
10.555155336
-2.59614913884
-2.121768268
6.98303370875
13.9039750022
-10.8378423898
17.14854837
-10.760485153
-4.98391042856
6.96263618068
6.0615352722
-11.4428719151
15.6201307472
-58.3765702477
-0.199879661649
16.3412418079
-15.4270579172
-8.30620762887
15.9640346275
38.7218923256
-3.57972466284
-1.88354155451
-31.1641508339
-0.748182087942
38.5160131428
-9.94544045887
15.9210649023
-92.7097648442
6.21945376278
4.25437137179
-8.37113813709
